# Orthographic fit of each pre-rendered lobby preview, written by
# `cargo test -p client render_map_previews -- --ignored` alongside
# the PNGs: key u0 u1 v0 v1 img_w img_h (see voxel::preview_fit).
moon -724.077332 724.077332 -573.184082 607.523193 384 322
ceres -724.077332 724.077332 -581.240967 598.777344 384 321
vesta -724.077332 724.077332 -570.609619 610.569031 384 322
mars -724.077332 724.077332 -560.130554 608.879333 384 318
callisto -724.077332 724.077332 -575.729492 605.463623 384 322
ganymede -724.077332 724.077332 -565.424438 626.603149 384 325
europa -724.077332 724.077332 -576.418457 600.177002 384 320
io -724.077332 724.077332 -584.816162 597.435791 384 322
titan -724.077332 724.077332 -580.914673 608.284668 384 324
enceladus -724.077332 724.077332 -576.860840 591.677734 384 318
triton -724.077332 724.077332 -584.787231 591.982300 384 321
rhea -724.077332 724.077332 -567.940918 605.238892 384 320
iapetus -724.077332 724.077332 -565.576782 612.766357 384 321
dione -724.077332 724.077332 -571.472595 608.494995 384 321
titania -724.077332 724.077332 -578.746338 605.935059 384 323
oberon -724.077332 724.077332 -573.329102 597.936157 384 319
umbriel -724.077332 724.077332 -570.276001 608.030884 384 321
ariel -724.077332 724.077332 -563.930542 607.153320 384 319
miranda -724.077332 724.077332 -580.240234 631.266113 384 330
pluto -724.077332 724.077332 -576.752014 622.469482 384 326
chiron -724.077332 724.077332 -574.924561 605.782715 384 322
earth -724.077332 724.077332 -594.250977 602.141968 384 326
